6.2911781e-08
1.8383950e-08
-2.5345294e-08
-6.8062427e-08
-1.0955386e-07
-1.4961087e-07
-1.8813564e-07
-2.2514149e-07
-2.6064612e-07
-2.9466776e-07
-3.2722437e-07
-3.5833366e-07
-3.8801409e-07
-4.1628337e-07
-4.4315942e-07
-4.6866046e-07
-4.9303526e-07
-5.1666836e-07
-5.3977158e-07
-5.6242476e-07
-5.8463081e-07
-6.0632311e-07
-6.2736001e-07
-6.4751089e-07
-6.6643389e-07
-6.8364488e-07
-6.9847499e-07
-7.1001512e-07
-7.1704216e-07
-7.1792715e-07
-7.1052017e-07
-6.9201474e-07
-6.5880204e-07
-6.0636916e-07
-5.2979709e-07
-4.2443941e-07
-2.8691886e-07
-1.1752228e-07
7.5472805e-08
2.6863455e-07
4.1930900e-07
4.9979712e-07
4.9774087e-07
4.1292859e-07
2.6446699e-07
9.6077187e-08
-3.1761715e-08
-9.9364748e-08
-1.1102288e-07
-7.5756674e-08
-5.9349219e-09
8.3988205e-08
1.7841930e-07
2.6122936e-07
3.1608201e-07
3.2659099e-07
2.7637921e-07
1.4909398e-07
-7.1596411e-08
-4.0200675e-07
